3.00000 -5.00000 0.00000
3.05968 -2.43418 3.11738
2.86367 -1.63962 3.86112
2.43967 -1.04187 4.36274
2.13232 -0.82282 4.53192
1.11555 -0.22894 4.95141
-2.10051 0.09934 4.53771
-9.00000 0.00000 0.00000
-9.00000 0.00000 0.00000
-9.00000 0.00000 0.00000
-9.00000 0.00000 0.00000
-9.00000 0.00000 0.00000
-9.00000 0.00000 0.00000
-9.00000 0.00000 0.00000
-9.00000 0.00000 0.00000
-9.00000 0.00000 0.00000
-9.00000 0.00000 0.00000
-9.00000 0.00000 0.00000
-9.00000 0.00000 0.00000
-9.00000 0.00000 0.00000
-9.00000 0.00000 0.00000
-9.00000 0.00000 0.00000
-9.00000 0.00000 0.00000
-9.00000 0.00000 0.00000
-9.00000 0.00000 0.00000
-9.00000 0.00000 0.00000
-9.00000 0.00000 0.00000
-9.00000 0.00000 0.00000
-9.00000 0.00000 0.00000
-9.00000 0.00000 0.00000
-9.00000 0.00000 0.00000
-9.00000 0.00000 0.00000
-9.00000 0.00000 0.00000
-9.00000 0.00000 0.00000
-9.00000 0.00000 0.00000
-9.00000 0.00000 0.00000
-9.00000 0.00000 0.00000
-9.00000 0.00000 0.00000
-9.00000 0.00000 0.00000
-9.00000 0.00000 0.00000
-9.00000 0.00000 0.00000
-9.00000 0.00000 0.00000
-9.00000 0.00000 0.00000
-9.00000 0.00000 0.00000
-9.00000 0.00000 0.00000
-9.00000 0.00000 0.00000
-9.00000 0.00000 0.00000
-9.00000 0.00000 0.00000
-9.00000 0.00000 0.00000
-9.00000 0.00000 0.00000
-9.00000 0.00000 0.00000
-9.00000 0.00000 0.00000
-9.00000 0.00000 0.00000
-9.00000 0.00000 0.00000
-9.00000 0.00000 0.00000
-9.00000 0.00000 0.00000
-9.00000 0.00000 0.00000
-9.00000 0.00000 0.00000
-9.00000 0.00000 0.00000
-9.00000 0.00000 0.00000
-9.00000 0.00000 0.00000
-9.00000 0.00000 0.00000
-9.00000 0.00000 0.00000
-9.00000 0.00000 0.00000
-9.00000 0.00000 0.00000
-9.00000 0.00000 0.00000
-9.00000 0.00000 0.00000
-9.00000 0.00000 0.00000
-9.00000 0.00000 0.00000
-9.00000 0.00000 0.00000
-9.00000 0.00000 0.00000
-9.00000 0.00000 0.00000
-9.00000 0.00000 0.00000
-9.00000 0.00000 0.00000
-9.00000 0.00000 0.00000
-9.00000 0.00000 0.00000
-9.00000 0.00000 0.00000
-9.00000 0.00000 0.00000
-9.00000 0.00000 0.00000
-9.00000 0.00000 0.00000
-9.00000 0.00000 0.00000
-9.00000 0.00000 0.00000
-9.00000 0.00000 0.00000
-9.00000 0.00000 0.00000
-9.00000 0.00000 0.00000
-9.00000 0.00000 0.00000
-9.00000 0.00000 0.00000
-9.00000 0.00000 0.00000
-9.00000 0.00000 0.00000
-9.00000 0.00000 0.00000
-9.00000 0.00000 0.00000
-9.00000 0.00000 0.00000
-9.00000 0.00000 0.00000
-9.00000 0.00000 0.00000
-9.00000 0.00000 0.00000
-9.00000 0.00000 0.00000
-9.00000 0.00000 0.00000
-9.00000 0.00000 0.00000
-9.00000 0.00000 0.00000
-9.00000 0.00000 0.00000
-9.00000 0.00000 0.00000
-9.00000 0.00000 0.00000
-9.00000 0.00000 0.00000
-9.00000 0.00000 0.00000
-9.00000 0.00000 0.00000
-9.00000 0.00000 0.00000
-9.00000 0.00000 0.00000
-9.00000 0.00000 0.00000
-9.00000 0.00000 0.00000
-9.00000 0.00000 0.00000
-9.00000 0.00000 0.00000
-9.00000 0.00000 0.00000
-9.00000 0.00000 0.00000
-9.00000 0.00000 0.00000
-9.00000 0.00000 0.00000
-9.00000 0.00000 0.00000
-9.00000 0.00000 0.00000
-9.00000 0.00000 0.00000
-9.00000 0.00000 0.00000
-9.00000 0.00000 0.00000
-9.00000 0.00000 0.00000
-9.00000 0.00000 0.00000
-9.00000 0.00000 0.00000
-9.00000 0.00000 0.00000
-9.00000 0.00000 0.00000
-9.00000 0.00000 0.00000
-9.00000 0.00000 0.00000
-9.00000 0.00000 0.00000
-9.00000 0.00000 0.00000
-9.00000 0.00000 0.00000
-9.00000 0.00000 0.00000
-9.00000 0.00000 0.00000
-9.00000 0.00000 0.00000
-9.00000 0.00000 0.00000
-9.00000 0.00000 0.00000
-9.00000 0.00000 0.00000
-9.00000 0.00000 0.00000
-9.00000 0.00000 0.00000
-9.00000 0.00000 0.00000
-9.00000 0.00000 0.00000
-9.00000 0.00000 0.00000
-9.00000 0.00000 0.00000
-9.00000 0.00000 0.00000
-9.00000 0.00000 0.00000
-9.00000 0.00000 0.00000
-9.00000 0.00000 0.00000
-9.00000 0.00000 0.00000
-9.00000 0.00000 0.00000
-9.00000 0.00000 0.00000
-9.00000 0.00000 0.00000
-9.00000 0.00000 0.00000
-9.00000 0.00000 0.00000
-9.00000 0.00000 0.00000
-9.00000 0.00000 0.00000
-9.00000 0.00000 0.00000
-9.00000 0.00000 0.00000
-9.00000 0.00000 0.00000
-9.00000 0.00000 0.00000
-9.00000 0.00000 0.00000
-9.00000 0.00000 0.00000
-9.00000 0.00000 0.00000
-9.00000 0.00000 0.00000
-9.00000 0.00000 0.00000
-9.00000 0.00000 0.00000
-9.00000 0.00000 0.00000
-9.00000 0.00000 0.00000
-9.00000 0.00000 0.00000
-9.00000 0.00000 0.00000
-9.00000 0.00000 0.00000
-9.00000 0.00000 0.00000
-9.00000 0.00000 0.00000
-9.00000 0.00000 0.00000
-9.00000 0.00000 0.00000
-9.00000 0.00000 0.00000
-9.00000 0.00000 0.00000
-9.00000 0.00000 0.00000
-9.00000 0.00000 0.00000
-9.00000 0.00000 0.00000
-9.00000 0.00000 0.00000
-9.00000 0.00000 0.00000
-9.00000 0.00000 0.00000
-9.00000 0.00000 0.00000
-9.00000 0.00000 0.00000
-9.00000 0.00000 0.00000
-9.00000 0.00000 0.00000
-9.00000 0.00000 0.00000
-9.00000 0.00000 0.00000
-9.00000 0.00000 0.00000
-9.00000 0.00000 0.00000
-9.00000 0.00000 0.00000
-9.00000 0.00000 0.00000
-9.00000 0.00000 0.00000
-9.00000 0.00000 0.00000
-9.00000 0.00000 0.00000
-9.00000 0.00000 0.00000
-9.00000 0.00000 0.00000
-9.00000 0.00000 0.00000
-9.00000 0.00000 0.00000
-9.00000 0.00000 0.00000
-9.00000 0.00000 0.00000
-9.00000 0.00000 0.00000
-9.00000 0.00000 0.00000
-9.00000 0.00000 0.00000
-9.00000 0.00000 0.00000
-9.00000 0.00000 0.00000
-9.00000 0.00000 0.00000
-9.00000 0.00000 0.00000
-9.00000 0.00000 0.00000
-9.00000 0.00000 0.00000
-9.00000 0.00000 0.00000
-9.00000 0.00000 0.00000
-9.00000 0.00000 0.00000
-9.00000 0.00000 0.00000
-9.00000 0.00000 0.00000
-9.00000 0.00000 0.00000
-9.00000 0.00000 0.00000
-9.00000 0.00000 0.00000
-9.00000 0.00000 0.00000
-9.00000 0.00000 0.00000
-9.00000 0.00000 0.00000
-9.00000 0.00000 0.00000
-9.00000 0.00000 0.00000
-9.00000 0.00000 0.00000
-9.00000 -9.00000 -9.00000
-9.00000 -9.00000 -9.00000
-3.57193 -6.95336 -6.56515
-2.90056 -6.62617 -6.06676
3.94407 -3.06799 -0.28545
4.75858 -2.59588 0.56086
5.19590 -1.71695 1.79335
4.84681 0.32541 3.85934
2.59106 3.33561 4.94936
1.54103 5.21102 5.46985
2.95354 7.37489 6.69753
9.00000 9.00000 9.00000
9.00000 9.00000 9.00000
0.10187 5.69923 -1.90380
-0.24137 5.48449 -2.02089
-1.02259 4.96799 -2.27457
-4.10247 2.87393 -3.24789
-4.30151 2.11339 -3.08545
0.00000 -9.00000 0.00000
